The following data is for networks that were relaxed globally
coming with the problem that the melting temperatures change drastically for
larger networks:
["ctn", 224, 0.0, 180.0, 0.001, 0.0001294330930655222 ],
["ctn", 224, 0.25, 180.0, 0.001, 0.5068377943704439 ],
["ctn", 224, 0.5, 180.0, 0.001, 1.2456941705788351 ],
["ctn", 224, 0.75, 180.0, 0.001, 2.0583613664213662 ],
["ctn", 224, 1.0, 180.0, 0.001, 2.8256795255231606 ],
["ctn", 224, 1.25, 180.0, 0.001, true, 4, 3.2026549016446744 ],
["ctn", 224, 1.5, 180.0, 0.001, true, 4, 3.8714349626593885 ],
["ctn", 224, 1.75, 180.0, 0.001, true, 4, 5.024326190041467 ],
["ctn", 224, 2.0, 180.0, 0.001, true, 4, 5.822098337239957 ],
["ctn", 224, 2.25, 180.0, 0.001, true, 4, 6.668912769781666 ],
["ctn", 224, 2.5, 180.0, 0.001, true, 4, 8.086272131795315 ],
["ctn", 224, 2.75, 180.0, 0.001, true, 4, 8.998305795718553 ],
["ctn", 224, 3.0, 180.0, 0.001, true, 4, 10.296856417112066 ],
["ctn", 224, 3.25, 180.0, 0.001, true, 4, 11.076327864948158 ],
["ctn", 224, 3.5, 180.0, 0.001, true, 4, 12.27096116255803 ],
["ctn", 224, 3.75, 180.0, 0.001, true, 4, 13.327320813557076 ],
["ctn", 224, 4.0, 180.0, 0.001, true, 4, 14.945209770322927 ],
["ctn", 224, 4.25, 180.0, 0.001, true, 4, 15.532384537697919 ],
["ctn", 224, 4.5, 180.0, 0.001, true, 4, 16.852566581214152 ],
["ctn", 224, 4.75, 180.0, 0.001, true, 4, 18.475675648725748 ],
["ctn", 224, 5.0, 180.0, 0.001, true, 4, 20.471132937736623 ],
["ctn", 224, 5.25, 180.0, 0.001, true, 4, 23.329725456928884 ],
["ctn", 224, 5.5, 180.0, 0.001, true, 4, 24.97538904571271 ],
["ctn", 224, 5.75, 180.0, 0.001, true, 4, 25.82609799539744 ],
["ctn", 224, 6.0, 180.0, 0.001, true, 4, 28.869426825924858 ],
["ctn", 224, 6.25, 180.0, 0.001, true, 4, 30.713597335586737 ],
["ctn", 224, 6.5, 180.0, 0.001, true, 4, 31.96226443770846 ],
["ctn", 224, 6.75, 180.0, 0.001, true, 4, 31.82037583739205 ],
["ctn", 224, 7.0, 180.0, 0.001, true, 4, 36.085325270583276 ],
["ctn", 224, 7.25, 180.0, 0.001, true, 4, 37.16755175139665 ],
["ctn", 224, 7.5, 180.0, 0.001, true, 4, 40.591104219416906 ],
["ctn", 224, 7.75, 180.0, 0.001, true, 4, 40.86796679574134 ],
["ctn", 224, 8.0, 180.0, 0.001, true, 4, 45.68686950342252 ],
["ctn", 224, 8.25, 180.0, 0.001, true, 4, 41.552389047811744 ],
["ctn", 224, 8.5, 180.0, 0.001, true, 4, 47.15427002266175 ],
["ctn", 224, 8.75, 180.0, 0.001, true, 4, 46.313323753641896 ],
["ctn", 224, 9.0, 180.0, 0.001, true, 4, 52.20488221054568 ],
["ctn", 224, 9.25, 180.0, 0.001, true, 4, 56.121245939402776 ],
["ctn", 224, 9.5, 180.0, 0.001, true, 4, 54.888384097774576 ],
["ctn", 224, 9.75, 180.0, 0.001, true, 4, 62.539526733032915 ],
["ctn", 224, 10.0, 180.0, 0.001, true, 4, 61.86991536945591 ],
["dia", 216, 0.0, 180.0, 0.001, 0.00013619791956073077 ],
["dia", 216, 0.25, 180.0, 0.001, 0.35741585656533714 ],
["dia", 216, 0.5, 180.0, 0.001, 0.8893834492799765 ],
["dia", 216, 0.75, 180.0, 0.001, 1.4827028269123552 ],
["dia", 216, 1.0, 180.0, 0.001, 2.3973188103040246 ],
["dia", 216, 1.25, 180.0, 0.001, true, 4, 4.91881704348403 ],
["dia", 216, 1.5, 180.0, 0.001, true, 4, 8.623884855445636 ],
["dia", 216, 1.75, 180.0, 0.001, true, 4, 12.204518304275904 ],
["dia", 216, 2.0, 180.0, 0.001, true, 4, 16.21975411379362 ],
["dia", 216, 2.25, 180.0, 0.001, true, 4, 20.146449758223564 ],
["dia", 216, 2.5, 180.0, 0.001, true, 4, 25.517481343578208 ],
["dia", 216, 2.75, 180.0, 0.001, true, 4, 28.22810989642561 ],
["dia", 216, 3.0, 180.0, 0.001, true, 4, 34.00754455001478 ],
["dia", 216, 3.25, 180.0, 0.001, true, 4, 39.88904394482886 ],
["dia", 216, 3.5, 180.0, 0.001, true, 4, 42.7168649690421 ],
["dia", 216, 3.75, 180.0, 0.001, true, 4, 49.046528897207736 ],
["dia", 216, 4.0, 180.0, 0.001, true, 4, 53.614194742516176 ],
["dia", 216, 4.25, 180.0, 0.001, true, 4, 60.28584053117684 ],
["dia", 216, 4.5, 180.0, 0.001, true, 4, 66.63691166383133 ],
["dia", 216, 4.75, 180.0, 0.001, true, 4, 72.96229019277304 ],
["dia", 216, 5.0, 180.0, 0.001, true, 4, 75.44027689922139 ],
["dia", 216, 5.25, 180.0, 0.001, true, 4, 83.57688146742454 ],
["dia", 216, 5.5, 180.0, 0.001, true, 4, 90.264809346086 ],
["dia", 216, 5.75, 180.0, 0.001, true, 4, 97.40628030839248 ],
["dia", 216, 6.0, 180.0, 0.001, true, 4, 105.79801960984895 ],
["dia", 216, 6.25, 180.0, 0.001, true, 4, 106.31371605918369 ],
["dia", 216, 6.5, 180.0, 0.001, true, 4, 106.95735519865646 ],
["dia", 216, 6.75, 180.0, 0.001, true, 4, 113.48563695461361 ],
["dia", 216, 7.0, 180.0, 0.001, true, 4, 123.59072290912214 ],
["dia", 216, 7.25, 180.0, 0.001, true, 4, 134.55301948924222 ],
["dia", 216, 7.5, 180.0, 0.001, true, 4, 140.86582758868394 ],
["dia", 216, 7.75, 180.0, 0.001, true, 4, 142.63558933938415 ],
["dia", 216, 8.0, 180.0, 0.001, true, 4, 151.4773301706403 ],
["dia", 216, 8.25, 180.0, 0.001, true, 4, 159.18226196612449 ],
["dia", 216, 8.5, 180.0, 0.001, true, 4, 167.92762875850977 ],
["dia", 216, 8.75, 180.0, 0.001, true, 4, 165.59902881683448 ],
["dia", 216, 9.0, 180.0, 0.001, true, 4, 176.1969503719912 ],
["dia", 216, 9.25, 180.0, 0.001, true, 4, 167.0696646176708 ],
["dia", 216, 9.5, 180.0, 0.001, true, 4, 178.42971015727412 ],
["dia", 216, 9.75, 180.0, 0.001, true, 4, 197.06146640132818 ],
["dia", 216, 10.0, 180.0, 0.001, true, 4, 190.56317644160995 ],
["lcs", 192, 0.0, 180.0, 0.001, 8.054647440611615e-5 ],
["lcs", 192, 0.25, 180.0, 0.001, 0.4029048676264969 ],
["lcs", 192, 0.5, 180.0, 0.001, 0.983114477463025 ],
["lcs", 192, 0.75, 180.0, 0.001, 1.663819575318196 ],
["lcs", 192, 1.0, 180.0, 0.001, 2.82353242478514 ],
["lcs", 192, 1.25, 180.0, 0.001, true, 4, 4.480818946797635 ],
["lcs", 192, 1.5, 180.0, 0.001, true, 4, 6.662459531813664 ],
["lcs", 192, 1.75, 180.0, 0.001, true, 4, 9.747706361653448 ],
["lcs", 192, 2.0, 180.0, 0.001, true, 4, 12.353871856267022 ],
["lcs", 192, 2.25, 180.0, 0.001, true, 4, 16.22635382993819 ],
["lcs", 192, 2.5, 180.0, 0.001, true, 4, 20.662928660323658 ],
["lcs", 192, 2.75, 180.0, 0.001, true, 4, 24.544039497157247 ],
["lcs", 192, 3.0, 180.0, 0.001, true, 4, 29.363791293651673 ],
["lcs", 192, 3.25, 180.0, 0.001, true, 4, 31.808178164700177 ],
["lcs", 192, 3.5, 180.0, 0.001, true, 4, 36.51102223684557 ],
["lcs", 192, 3.75, 180.0, 0.001, true, 4, 39.18804758208556 ],
["lcs", 192, 4.0, 180.0, 0.001, true, 4, 46.68618277108503 ],
["lcs", 192, 4.25, 180.0, 0.001, true, 4, 52.22350252878699 ],
["lcs", 192, 4.5, 180.0, 0.001, true, 4, 57.1509707402919 ],
["lcs", 192, 4.75, 180.0, 0.001, true, 4, 61.978576990179505 ],
["lcs", 192, 5.0, 180.0, 0.001, true, 4, 65.85924673045928 ],
["lcs", 192, 5.25, 180.0, 0.001, true, 4, 70.27547437586612 ],
["lcs", 192, 5.5, 180.0, 0.001, true, 4, 75.26168592786026 ],
["lcs", 192, 5.75, 180.0, 0.001, true, 4, 82.88675529450653 ],
["lcs", 192, 6.0, 180.0, 0.001, true, 4, 75.72528567118484 ],
["lcs", 192, 6.25, 180.0, 0.001, true, 4, 89.36869042767641 ],
["lcs", 192, 6.5, 180.0, 0.001, true, 4, 95.85682189270209 ],
["lcs", 192, 6.75, 180.0, 0.001, true, 4, 95.89477054684714 ],
["lcs", 192, 7.0, 180.0, 0.001, true, 4, 106.30479420345213 ],
["lcs", 192, 7.25, 180.0, 0.001, true, 4, 110.59452412081578 ],
["lcs", 192, 7.5, 180.0, 0.001, true, 4, 114.62039778163042 ],
["lcs", 192, 7.75, 180.0, 0.001, true, 4, 122.43772851840792 ],
["lcs", 192, 8.0, 180.0, 0.001, true, 4, 122.95098988698642 ],
["lcs", 192, 8.25, 180.0, 0.001, true, 4, 124.37127843824025 ],
["lcs", 192, 8.5, 180.0, 0.001, true, 4, 118.52259555240076 ],
["lcs", 192, 8.75, 180.0, 0.001, true, 4, 133.21176934690487 ],
["lcs", 192, 9.0, 180.0, 0.001, true, 4, 141.02332935952253 ],
["lcs", 192, 9.25, 180.0, 0.001, true, 4, 150.750642547148 ],
["lcs", 192, 9.5, 180.0, 0.001, true, 4, 160.24577032381495 ],
["lcs", 192, 9.75, 180.0, 0.001, true, 4, 158.60185452058082 ],
["lcs", 192, 10.0, 180.0, 0.001, true, 4, 167.80689892396913 ],
["srs", 216, 0.0, 180.0, 0.001, 0.00019026075258227854 ],
["srs", 216, 0.25, 180.0, 0.001, 0.45575800978228587 ],
["srs", 216, 0.5, 180.0, 0.001, 1.0842146353235373 ],
["srs", 216, 0.75, 180.0, 0.001, 1.79142389890434 ],
["srs", 216, 1.0, 180.0, 0.001, 2.4612236029485097 ],
["srs", 216, 1.25, 180.0, 0.001, true, 4, 2.3944456306410107 ],
["srs", 216, 1.5, 180.0, 0.001, true, 4, 2.987764565077918 ],
["srs", 216, 1.75, 180.0, 0.001, true, 4, 3.574136936077381 ],
["srs", 216, 2.0, 180.0, 0.001, true, 4, 4.176255211965784 ],
["srs", 216, 2.25, 180.0, 0.001, true, 4, 4.786564244254197 ],
["srs", 216, 2.5, 180.0, 0.001, true, 4, 5.321639137561612 ],
["srs", 216, 2.75, 180.0, 0.001, true, 4, 6.039028724723076 ],
["srs", 216, 3.0, 180.0, 0.001, true, 4, 6.570624513618711 ],
["srs", 216, 3.25, 180.0, 0.001, true, 4, 7.181841384487607 ],
["srs", 216, 3.5, 180.0, 0.001, true, 4, 7.92641268801912 ],
["srs", 216, 3.75, 180.0, 0.001, true, 4, 8.43692774877314 ],
["srs", 216, 4.0, 180.0, 0.001, true, 4, 9.244179889894266 ],
["srs", 216, 4.25, 180.0, 0.001, true, 4, 9.958538898087635 ],
["srs", 216, 4.5, 180.0, 0.001, true, 4, 10.487844489219711 ],
["srs", 216, 4.75, 180.0, 0.001, true, 4, 11.347235105785822 ],
["srs", 216, 5.0, 180.0, 0.001, true, 4, 11.848322369833689 ],
["srs", 216, 5.25, 180.0, 0.001, true, 4, 12.53996996475186 ],
["srs", 216, 5.5, 180.0, 0.001, true, 4, 13.474450681766244 ],
["srs", 216, 5.75, 180.0, 0.001, true, 4, 14.237393729704877 ],
["srs", 216, 6.0, 180.0, 0.001, true, 4, 14.962875132673013 ],
["srs", 216, 6.25, 180.0, 0.001, true, 4, 15.455818565607627 ],
["srs", 216, 6.5, 180.0, 0.001, true, 4, 16.552205374224208 ],
["srs", 216, 6.75, 180.0, 0.001, true, 4, 17.17580398306524 ],
["srs", 216, 7.0, 180.0, 0.001, true, 4, 17.933904198502503 ],
["srs", 216, 7.25, 180.0, 0.001, true, 4, 18.51825951855614 ],
["srs", 216, 7.5, 180.0, 0.001, true, 4, 19.1918691735711 ],
["srs", 216, 7.75, 180.0, 0.001, true, 4, 19.759336113644633 ],
["srs", 216, 8.0, 180.0, 0.001, true, 4, 20.78621834017323 ],
["srs", 216, 8.25, 180.0, 0.001, true, 4, 21.666535038329613 ],
["srs", 216, 8.5, 180.0, 0.001, true, 4, 22.526149239679444 ],
["srs", 216, 8.75, 180.0, 0.001, true, 4, 22.38497796732277 ],
["srs", 216, 9.0, 180.0, 0.001, true, 4, 23.96854888512499 ],
["srs", 216, 9.25, 180.0, 0.001, true, 4, 24.717699513377266 ],
["srs", 216, 9.5, 180.0, 0.001, true, 4, 25.1862420502033 ],
["srs", 216, 9.75, 180.0, 0.001, true, 4, 26.212797687318304 ],
["srs", 216, 10.0, 180.0, 0.001, true, 4, 26.928493686469995 ],
["bcu_cn_5_6_7_8", 432, 0.0, 180.0, 0.001, true, 4, 0.44726145342442325 ],
["bcu_cn_5_6_7_8", 432, 0.25, 180.0, 0.001, true, 4, 100.65980650498858 ],
["bcu_cn_5_6_7_8", 432, 0.5, 180.0, 0.001, true, 4, 262.6291684535291 ],
["bcu_cn_5_6_7_8", 432, 0.75, 180.0, 0.001, true, 4, 431.6794774973545 ],
["bcu_cn_5_6_7_8", 432, 1.0, 180.0, 0.001, true, 4, 577.6926948220212 ],
["bcu_cn_5_6_7_8", 432, 1.25, 180.0, 0.001, true, 4, 740.5888385782464 ],
["bcu_cn_5_6_7_8", 432, 1.5, 180.0, 0.001, true, 4, 901.8029732052768 ],
["bcu_cn_5_6_7_8", 432, 1.75, 180.0, 0.001, true, 4, 1085.569519402477 ],
["bcu_cn_5_6_7_8", 432, 2.0, 180.0, 0.001, true, 4, 1207.143972784233 ],
["bcu_cn_5_6_7_8", 432, 2.25, 180.0, 0.001, true, 4, 1393.2600354546666 ],
["bcu_cn_5_6_7_8", 432, 2.5, 180.0, 0.001, true, 4, 1531.5144428646136 ],
["bcu_cn_5_6_7_8", 432, 2.75, 180.0, 0.001, true, 4, 1726.0885943108624 ],
["bcu_cn_5_6_7_8", 432, 3.0, 180.0, 0.001, true, 4, 1890.0637746999896 ],
["bcu_cn_5_6_7_8", 432, 3.25, 180.0, 0.001, true, 4, 2004.4128051692367 ],
["bcu_cn_5_6_7_8", 432, 3.5, 180.0, 0.001, true, 4, 2158.9060215194413 ],
["bcu_cn_5_6_7_8", 432, 3.75, 180.0, 0.001, true, 4, 2337.825891753275 ],
["bcu_cn_5_6_7_8", 432, 4.0, 180.0, 0.001, true, 4, 2517.32966685153 ],
["bcu_cn_5_6_7_8", 432, 4.25, 180.0, 0.001, true, 4, 2724.4367921536864 ],
["bcu_cn_5_6_7_8", 432, 4.5, 180.0, 0.001, true, 4, 2838.6085333857227 ],
["bcu_cn_5_6_7_8", 432, 4.75, 180.0, 0.001, true, 4, 2980.444432766661 ],
["bcu_cn_5_6_7_8", 432, 5.0, 180.0, 0.001, true, 4, 3212.028178716091 ],
["bcu_cn_5_6_7_8", 432, 5.25, 180.0, 0.001, true, 4, 3304.5519560411153 ],
["bcu_cn_5_6_7_8", 432, 5.5, 180.0, 0.001, true, 4, 3581.0686515593834 ],
["bcu_cn_5_6_7_8", 432, 5.75, 180.0, 0.001, true, 4, 3675.45214699488 ],
["bcu_cn_5_6_7_8", 432, 6.0, 180.0, 0.001, true, 4, 3853.5278344917497 ],
["bcu_cn_5_6_7_8", 432, 6.25, 180.0, 0.001, true, 4, 3952.0016817676596 ],
["bcu_cn_5_6_7_8", 432, 6.5, 180.0, 0.001, true, 4, 4229.475504822362 ],
["bcu_cn_5_6_7_8", 432, 6.75, 180.0, 0.001, true, 4, 4227.8561541962445 ],
["bcu_cn_5_6_7_8", 432, 7.0, 180.0, 0.001, true, 4, 4538.852820402942 ],
["bcu_cn_5_6_7_8", 432, 7.25, 180.0, 0.001, true, 4, 4566.222698066915 ],
["bcu_cn_5_6_7_8", 432, 7.5, 180.0, 0.001, true, 4, 4760.063870369057 ],
["bcu_cn_5_6_7_8", 432, 7.75, 180.0, 0.001, true, 4, 5127.518321839931 ],
["bcu_cn_5_6_7_8", 432, 8.0, 180.0, 0.001, true, 4, 5146.870626999349 ],
["bcu_cn_5_6_7_8", 432, 8.25, 180.0, 0.001, true, 4, 5324.8160789677695 ],
["bcu_cn_5_6_7_8", 432, 8.5, 180.0, 0.001, true, 4, 5431.181480718989 ],
["bcu_cn_5_6_7_8", 432, 8.75, 180.0, 0.001, true, 4, 5525.525127930814 ],
["bcu_cn_5_6_7_8", 432, 9.0, 180.0, 0.001, true, 4, 5718.7985002668165 ],
["bcu_cn_5_6_7_8", 432, 9.25, 180.0, 0.001, true, 4, 5939.669694537833 ],
["bcu_cn_5_6_7_8", 432, 9.5, 180.0, 0.001, true, 4, 6308.835830888585 ],
["bcu_cn_5_6_7_8", 432, 9.75, 180.0, 0.001, true, 4, 6161.349633095221 ],
["bcu_cn_5_6_7_8", 432, 10.0, 180.0, 0.001, true, 4, 6522.718362477446 ],
["pcu_cn_4_5_6", 216, 0.0, 180.0, 0.001, true, 4, 0.0003545596706363815 ],
["pcu_cn_4_5_6", 216, 0.25, 180.0, 0.001, true, 4, 1.5104535301442776 ],
["pcu_cn_4_5_6", 216, 0.5, 180.0, 0.001, true, 4, 20.535890429251697 ],
["pcu_cn_4_5_6", 216, 0.75, 180.0, 0.001, true, 4, 41.871921656928805 ],
["pcu_cn_4_5_6", 216, 1.0, 180.0, 0.001, true, 4, 67.45750150259808 ],
["pcu_cn_4_5_6", 216, 1.25, 180.0, 0.001, true, 4, 92.22106795873205 ],
["pcu_cn_4_5_6", 216, 1.5, 180.0, 0.001, true, 4, 120.852939909092 ],
["pcu_cn_4_5_6", 216, 1.75, 180.0, 0.001, true, 4, 153.34115271085759 ],
["pcu_cn_4_5_6", 216, 2.0, 180.0, 0.001, true, 4, 180.80831042904956 ],
["pcu_cn_4_5_6", 216, 2.25, 180.0, 0.001, true, 4, 199.70311030948338 ],
["pcu_cn_4_5_6", 216, 2.5, 180.0, 0.001, true, 4, 227.989503441443 ],
["pcu_cn_4_5_6", 216, 2.75, 180.0, 0.001, true, 4, 264.85431720047427 ],
["pcu_cn_4_5_6", 216, 3.0, 180.0, 0.001, true, 4, 296.7632724811809 ],
["pcu_cn_4_5_6", 216, 3.25, 180.0, 0.001, true, 4, 309.32008832659335 ],
["pcu_cn_4_5_6", 216, 3.5, 180.0, 0.001, true, 4, 339.30324225662514 ],
["pcu_cn_4_5_6", 216, 3.75, 180.0, 0.001, true, 4, 374.8335155601971 ],
["pcu_cn_4_5_6", 216, 4.0, 180.0, 0.001, true, 4, 352.92391001844754 ],
["pcu_cn_4_5_6", 216, 4.25, 180.0, 0.001, true, 4, 436.5441051539846 ],
["pcu_cn_4_5_6", 216, 4.5, 180.0, 0.001, true, 4, 454.02851355767086 ],
["pcu_cn_4_5_6", 216, 4.75, 180.0, 0.001, true, 4, 500.5276696852141 ],
["pcu_cn_4_5_6", 216, 5.0, 180.0, 0.001, true, 4, 443.8538102848965 ],
["pcu_cn_4_5_6", 216, 5.25, 180.0, 0.001, true, 4, 546.4385301970852 ],
["pcu_cn_4_5_6", 216, 5.5, 180.0, 0.001, true, 4, 596.0302707200981 ],
["pcu_cn_4_5_6", 216, 5.75, 180.0, 0.001, true, 4, 607.3744350918673 ],
["pcu_cn_4_5_6", 216, 6.0, 180.0, 0.001, true, 4, 599.3844509308127 ],
["pcu_cn_4_5_6", 216, 6.25, 180.0, 0.001, true, 4, 680.1095471969971 ],
["pcu_cn_4_5_6", 216, 6.5, 180.0, 0.001, true, 4, 679.4844633201344 ],
["pcu_cn_4_5_6", 216, 6.75, 180.0, 0.001, true, 4, 716.4768524167288 ],
["pcu_cn_4_5_6", 216, 7.0, 180.0, 0.001, true, 4, 762.1283196377829 ],
["pcu_cn_4_5_6", 216, 7.25, 180.0, 0.001, true, 4, 672.5420172219589 ],
["pcu_cn_4_5_6", 216, 7.5, 180.0, 0.001, true, 4, 816.055269613021 ],
["pcu_cn_4_5_6", 216, 7.75, 180.0, 0.001, true, 4, 857.9326183763911 ],
["pcu_cn_4_5_6", 216, 8.0, 180.0, 0.001, true, 4, 867.6081754556446 ],
["pcu_cn_4_5_6", 216, 8.25, 180.0, 0.001, true, 4, 879.2202622224423 ],
["pcu_cn_4_5_6", 216, 8.5, 180.0, 0.001, true, 4, 946.2452036768328 ],
["pcu_cn_4_5_6", 216, 8.75, 180.0, 0.001, true, 4, 949.3586836993123 ],
["pcu_cn_4_5_6", 216, 9.0, 180.0, 0.001, true, 4, 933.0480339347009 ],
["pcu_cn_4_5_6", 216, 9.25, 180.0, 0.001, true, 4, 901.1950525193586 ],
["pcu_cn_4_5_6", 216, 9.5, 180.0, 0.001, true, 4, 1090.9838907484984 ],
["pcu_cn_4_5_6", 216, 9.75, 180.0, 0.001, true, 4, 1026.7783925055974 ],
["pcu_cn_4_5_6", 216, 10.0, 180.0, 0.001, true, 4, 1064.0382327682412 ],

The following data is for networks that were relaxed up to the 4th neighbor 
shell:
["ctn", 224, 0.0, 180.0, 0.001, false, 4, 0.00041499170346413945 ],
["ctn", 224, 0.25, 180.0, 0.001, false, 4, 0.1252534628370132 ],
["ctn", 224, 0.5, 180.0, 0.001, false, 4, 0.30497680344164985 ],
["ctn", 224, 0.75, 180.0, 0.001, false, 4, 0.4352128146806752 ],
["ctn", 224, 1.0, 180.0, 0.001, false, 4, 0.6287240577847529 ],
["ctn", 224, 1.25, 180.0, 0.001, false, 4, 0.88513682550316 ],
["ctn", 224, 1.5, 180.0, 0.001, false, 4, 1.0685848426401345 ],
["ctn", 224, 1.75, 180.0, 0.001, false, 4, 1.3405894625320687 ],
["ctn", 224, 2.0, 180.0, 0.001, false, 4, 1.6680958072210448 ],
["ctn", 224, 2.25, 180.0, 0.001, false, 4, 1.9251335295874223 ],
["ctn", 224, 2.5, 180.0, 0.001, false, 4, 2.094099641785479 ],
["ctn", 224, 2.75, 180.0, 0.001, false, 4, 2.5261438615789387 ],
["ctn", 224, 3.0, 180.0, 0.001, false, 4, 2.781039892435018 ],
["ctn", 224, 3.25, 180.0, 0.001, false, 4, 3.02785647155638 ],
["ctn", 224, 3.5, 180.0, 0.001, false, 4, 3.0904600550335384 ],
["ctn", 224, 3.75, 180.0, 0.001, false, 4, 3.920101972944926 ],
["ctn", 224, 4.0, 180.0, 0.001, false, 4, 4.187149523396522 ],
["ctn", 224, 4.25, 180.0, 0.001, false, 4, 4.7678335129118565 ],
["ctn", 224, 4.5, 180.0, 0.001, false, 4, 4.959059648596756 ],
["ctn", 224, 4.75, 180.0, 0.001, false, 4, 4.840372232788261 ],
["ctn", 224, 5.0, 180.0, 0.001, false, 4, 5.574182436294423 ],
["ctn", 224, 5.25, 180.0, 0.001, false, 4, 6.093187679596008 ],
["ctn", 224, 5.5, 180.0, 0.001, false, 4, 5.62536981928605 ],
["ctn", 224, 5.75, 180.0, 0.001, false, 4, 6.498440953539017 ],
["ctn", 224, 6.0, 180.0, 0.001, false, 4, 7.051763164473955 ],
["ctn", 224, 6.25, 180.0, 0.001, false, 4, 7.648161817836657 ],
["ctn", 224, 6.5, 180.0, 0.001, false, 4, 7.487224785275581 ],
["ctn", 224, 6.75, 180.0, 0.001, false, 4, 7.622679716409371 ],
["ctn", 224, 7.0, 180.0, 0.001, false, 4, 6.974526424950101 ],
["ctn", 224, 7.25, 180.0, 0.001, false, 4, 9.198641970493803 ],
["ctn", 224, 7.5, 180.0, 0.001, false, 4, 8.282132375053767 ],
["ctn", 224, 7.75, 180.0, 0.001, false, 4, 9.661236843151181 ],
["ctn", 224, 8.0, 180.0, 0.001, false, 4, 8.107456347329716 ],
["ctn", 224, 8.25, 180.0, 0.001, false, 4, 9.655926163189019 ],
["ctn", 224, 8.5, 180.0, 0.001, false, 4, 9.94323210274136 ],
["ctn", 224, 8.75, 180.0, 0.001, false, 4, 10.553719314671122 ],
["ctn", 224, 9.0, 180.0, 0.001, false, 4, 10.03290169902179 ],
["ctn", 224, 9.25, 180.0, 0.001, false, 4, 11.993239129544339 ],
["ctn", 224, 9.5, 180.0, 0.001, false, 4, 12.61067024327545 ],
["ctn", 224, 9.75, 180.0, 0.001, false, 4, 10.888833699228867 ],
["ctn", 224, 10.0, 180.0, 0.001, false, 4, 12.541798629953432 ],
["dia", 216, 0.0, 180.0, 0.001, false, 4, 0.0003252933056548639 ],
["dia", 216, 0.25, 180.0, 0.001, false, 4, 0.11916487389418548 ],
["dia", 216, 0.5, 180.0, 0.001, false, 4, 0.28976530223293046 ],
["dia", 216, 0.75, 180.0, 0.001, false, 4, 0.4545309351335605 ],
["dia", 216, 1.0, 180.0, 0.001, false, 4, 0.7733782038178849 ],
["dia", 216, 1.25, 180.0, 0.001, false, 4, 1.3582956059247453 ],
["dia", 216, 1.5, 180.0, 0.001, false, 4, 2.162569719576863 ],
["dia", 216, 1.75, 180.0, 0.001, false, 4, 3.0543309573344146 ],
["dia", 216, 2.0, 180.0, 0.001, false, 4, 4.020865137401764 ],
["dia", 216, 2.25, 180.0, 0.001, false, 4, 5.049048438894165 ],
["dia", 216, 2.5, 180.0, 0.001, false, 4, 6.204391307983844 ],
["dia", 216, 2.75, 180.0, 0.001, false, 4, 7.635747395735973 ],
["dia", 216, 3.0, 180.0, 0.001, false, 4, 8.687557760441727 ],
["dia", 216, 3.25, 180.0, 0.001, false, 4, 10.427963315474157 ],
["dia", 216, 3.5, 180.0, 0.001, false, 4, 11.295579842706228 ],
["dia", 216, 3.75, 180.0, 0.001, false, 4, 12.860060660367512 ],
["dia", 216, 4.0, 180.0, 0.001, false, 4, 14.39598839276665 ],
["dia", 216, 4.25, 180.0, 0.001, false, 4, 15.297862786558847 ],
["dia", 216, 4.5, 180.0, 0.001, false, 4, 16.95479524012405 ],
["dia", 216, 4.75, 180.0, 0.001, false, 4, 17.93074392939852 ],
["dia", 216, 5.0, 180.0, 0.001, false, 4, 19.744129620557054 ],
["dia", 216, 5.25, 180.0, 0.001, false, 4, 21.689327246978173 ],
["dia", 216, 5.5, 180.0, 0.001, false, 4, 22.149310864749314 ],
["dia", 216, 5.75, 180.0, 0.001, false, 4, 24.667409973849402 ],
["dia", 216, 6.0, 180.0, 0.001, false, 4, 25.95437619512823 ],
["dia", 216, 6.25, 180.0, 0.001, false, 4, 26.81941522565416 ],
["dia", 216, 6.5, 180.0, 0.001, false, 4, 29.512568199953172 ],
["dia", 216, 6.75, 180.0, 0.001, false, 4, 29.5894237611312 ],
["dia", 216, 7.0, 180.0, 0.001, false, 4, 31.572944948087187 ],
["dia", 216, 7.25, 180.0, 0.001, false, 4, 31.265830200864137 ],
["dia", 216, 7.5, 180.0, 0.001, false, 4, 34.28585541877109 ],
["dia", 216, 7.75, 180.0, 0.001, false, 4, 35.86462521136728 ],
["dia", 216, 8.0, 180.0, 0.001, false, 4, 36.097070557113064 ],
["dia", 216, 8.25, 180.0, 0.001, false, 4, 37.247459580679845 ],
["dia", 216, 8.5, 180.0, 0.001, false, 4, 39.661928226273446 ],
["dia", 216, 8.75, 180.0, 0.001, false, 4, 41.751721666006134 ],
["dia", 216, 9.0, 180.0, 0.001, false, 4, 42.65475224496969 ],
["dia", 216, 9.25, 180.0, 0.001, false, 4, 44.80311258803243 ],
["dia", 216, 9.5, 180.0, 0.001, false, 4, 47.70656693276627 ],
["dia", 216, 9.75, 180.0, 0.001, false, 4, 45.10358873748397 ],
["dia", 216, 10.0, 180.0, 0.001, false, 4, 48.54835467550974 ],
["lcs", 192, 0.0, 180.0, 0.001, false, 4, 0.00017379958338485042 ],
["lcs", 192, 0.25, 180.0, 0.001, false, 4, 0.14250906823844808 ],
["lcs", 192, 0.5, 180.0, 0.001, false, 4, 0.34873519151914834 ],
["lcs", 192, 0.75, 180.0, 0.001, false, 4, 0.5638818094183685 ],
["lcs", 192, 1.0, 180.0, 0.001, false, 4, 0.9224890576183211 ],
["lcs", 192, 1.25, 180.0, 0.001, false, 4, 1.5158888395273988 ],
["lcs", 192, 1.5, 180.0, 0.001, false, 4, 2.4405888466354555 ],
["lcs", 192, 1.75, 180.0, 0.001, false, 4, 3.098481622734576 ],
["lcs", 192, 2.0, 180.0, 0.001, false, 4, 4.386371402751648 ],
["lcs", 192, 2.25, 180.0, 0.001, false, 4, 5.760486903716244 ],
["lcs", 192, 2.5, 180.0, 0.001, false, 4, 6.964350370082758 ],
["lcs", 192, 2.75, 180.0, 0.001, false, 4, 8.28887474235311 ],
["lcs", 192, 3.0, 180.0, 0.001, false, 4, 9.423526328978868 ],
["lcs", 192, 3.25, 180.0, 0.001, false, 4, 10.767928080456157 ],
["lcs", 192, 3.5, 180.0, 0.001, false, 4, 12.667007521957334 ],
["lcs", 192, 3.75, 180.0, 0.001, false, 4, 14.09464138116635 ],
["lcs", 192, 4.0, 180.0, 0.001, false, 4, 15.792253590918516 ],
["lcs", 192, 4.25, 180.0, 0.001, false, 4, 17.490385872100237 ],
["lcs", 192, 4.5, 180.0, 0.001, false, 4, 18.456203300205445 ],
["lcs", 192, 4.75, 180.0, 0.001, false, 4, 20.95093654908311 ],
["lcs", 192, 5.0, 180.0, 0.001, false, 4, 22.487964788556518 ],
["lcs", 192, 5.25, 180.0, 0.001, false, 4, 23.404198326015585 ],
["lcs", 192, 5.5, 180.0, 0.001, false, 4, 25.22055821478205 ],
["lcs", 192, 5.75, 180.0, 0.001, false, 4, 26.533685016514355 ],
["lcs", 192, 6.0, 180.0, 0.001, false, 4, 29.15804222736969 ],
["lcs", 192, 6.25, 180.0, 0.001, false, 4, 29.185700989516633 ],
["lcs", 192, 6.5, 180.0, 0.001, false, 4, 32.226528799176236 ],
["lcs", 192, 6.75, 180.0, 0.001, false, 4, 32.602153096144626 ],
["lcs", 192, 7.0, 180.0, 0.001, false, 4, 33.47171135454608 ],
["lcs", 192, 7.25, 180.0, 0.001, false, 4, 35.58385461163216 ],
["lcs", 192, 7.5, 180.0, 0.001, false, 4, 36.12734269785051 ],
["lcs", 192, 7.75, 180.0, 0.001, false, 4, 38.6139167505652 ],
["lcs", 192, 8.0, 180.0, 0.001, false, 4, 40.84746516550594 ],
["lcs", 192, 8.25, 180.0, 0.001, false, 4, 40.140595282051734 ],
["lcs", 192, 8.5, 180.0, 0.001, false, 4, 40.716917227224 ],
["lcs", 192, 8.75, 180.0, 0.001, false, 4, 43.18805429399447 ],
["lcs", 192, 9.0, 180.0, 0.001, false, 4, 45.85361192147588 ],
["lcs", 192, 9.25, 180.0, 0.001, false, 4, 46.33638038452153 ],
["lcs", 192, 9.5, 180.0, 0.001, false, 4, 47.09846939217998 ],
["lcs", 192, 9.75, 180.0, 0.001, false, 4, 49.29976824819128 ],
["lcs", 192, 10.0, 180.0, 0.001, false, 4, 52.767327958840006 ],
["srs", 216, 0.0, 180.0, 0.001, false, 4, 0.0006744918502233107 ],
["srs", 216, 0.25, 180.0, 0.001, false, 4, 0.04589951551091327 ],
["srs", 216, 0.5, 180.0, 0.001, false, 4, 0.1020805728671242 ],
["srs", 216, 0.75, 180.0, 0.001, false, 4, 0.16119291348132522 ],
["srs", 216, 1.0, 180.0, 0.001, false, 4, 0.24773319499055632 ],
["srs", 216, 1.25, 180.0, 0.001, false, 4, 0.36980251623502597 ],
["srs", 216, 1.5, 180.0, 0.001, false, 4, 0.4438174620532261 ],
["srs", 216, 1.75, 180.0, 0.001, false, 4, 0.4141802250053159 ],
["srs", 216, 2.0, 180.0, 0.001, false, 4, 0.4799600427185934 ],
["srs", 216, 2.25, 180.0, 0.001, false, 4, 0.666498050771449 ],
["srs", 216, 2.5, 180.0, 0.001, false, 4, 0.7430410001322345 ],
["srs", 216, 2.75, 180.0, 0.001, false, 4, 0.6846630237180712 ],
["srs", 216, 3.0, 180.0, 0.001, false, 4, 0.9041562057193727 ],
["srs", 216, 3.25, 180.0, 0.001, false, 4, 0.9186333076248436 ],
["srs", 216, 3.5, 180.0, 0.001, false, 4, 1.0421686320049963 ],
["srs", 216, 3.75, 180.0, 0.001, false, 4, 1.2155645131530477 ],
["srs", 216, 4.0, 180.0, 0.001, false, 4, 1.2101281258664172 ],
["srs", 216, 4.25, 180.0, 0.001, false, 4, 1.4601556550989496 ],
["srs", 216, 4.5, 180.0, 0.001, false, 4, 1.3803022453145237 ],
["srs", 216, 4.75, 180.0, 0.001, false, 4, 1.591065430721484 ],
["srs", 216, 5.0, 180.0, 0.001, false, 4, 1.4655710421475863 ],
["srs", 216, 5.25, 180.0, 0.001, false, 4, 1.6399812010951575 ],
["srs", 216, 5.5, 180.0, 0.001, false, 4, 1.723761922044032 ],
["srs", 216, 5.75, 180.0, 0.001, false, 4, 1.9322163077760959 ],
["srs", 216, 6.0, 180.0, 0.001, false, 4, 1.8683712461102147 ],
["srs", 216, 6.25, 180.0, 0.001, false, 4, 1.9492717931172936 ],
["srs", 216, 6.5, 180.0, 0.001, false, 4, 2.0302269471918075 ],
["srs", 216, 6.75, 180.0, 0.001, false, 4, 1.8744436559031608 ],
["srs", 216, 7.0, 180.0, 0.001, false, 4, 2.420296240546943 ],
["srs", 216, 7.25, 180.0, 0.001, false, 4, 2.1858975054611918 ],
["srs", 216, 7.5, 180.0, 0.001, false, 4, 2.354521753998755 ],
["srs", 216, 7.75, 180.0, 0.001, false, 4, 2.3477913205635423 ],
["srs", 216, 8.0, 180.0, 0.001, false, 4, 2.4289408906655 ],
["srs", 216, 8.25, 180.0, 0.001, false, 4, 2.6597512745380696 ],
["srs", 216, 8.5, 180.0, 0.001, false, 4, 2.7963864069461546 ],
["srs", 216, 8.75, 180.0, 0.001, false, 4, 2.8322758702076665 ],
["srs", 216, 9.0, 180.0, 0.001, false, 4, 3.1109795778512614 ],
["srs", 216, 9.25, 180.0, 0.001, false, 4, 2.923453727457925 ],
["srs", 216, 9.5, 180.0, 0.001, false, 4, 3.164033063528073 ],
["srs", 216, 9.75, 180.0, 0.001, false, 4, 3.564399802231981 ],
["srs", 216, 10.0, 180.0, 0.001, false, 4, 3.3477256609829804 ],
["bcu_cn_5_6_7_8", 432, 0.0, 180.0, 0.001, false, 4, 0.2108305865744253 ],
["bcu_cn_5_6_7_8", 432, 0.25, 180.0, 0.001, false, 4, 27.370479812098893 ],
["bcu_cn_5_6_7_8", 432, 0.5, 180.0, 0.001, false, 4, 75.58737112513226 ],
["bcu_cn_5_6_7_8", 432, 0.75, 180.0, 0.001, false, 4, 117.53668306629757 ],
["bcu_cn_5_6_7_8", 432, 1.0, 180.0, 0.001, false, 4, 166.69221669496523 ],
["bcu_cn_5_6_7_8", 432, 1.25, 180.0, 0.001, false, 4, 217.6934560299908 ],
["bcu_cn_5_6_7_8", 432, 1.5, 180.0, 0.001, false, 4, 262.6255034465196 ],
["bcu_cn_5_6_7_8", 432, 1.75, 180.0, 0.001, false, 4, 311.3837011455161 ],
["bcu_cn_5_6_7_8", 432, 2.0, 180.0, 0.001, false, 4, 360.3410845851314 ],
["bcu_cn_5_6_7_8", 432, 2.25, 180.0, 0.001, false, 4, 396.0404299951035 ],
["bcu_cn_5_6_7_8", 432, 2.5, 180.0, 0.001, false, 4, 442.57228724524487 ],
["bcu_cn_5_6_7_8", 432, 2.75, 180.0, 0.001, false, 4, 460.3455510514699 ],
["bcu_cn_5_6_7_8", 432, 3.0, 180.0, 0.001, false, 4, 541.1202760527846 ],
["bcu_cn_5_6_7_8", 432, 3.25, 180.0, 0.001, false, 4, 567.3513427008596 ],
["bcu_cn_5_6_7_8", 432, 3.5, 180.0, 0.001, false, 4, 611.582608770079 ],
["bcu_cn_5_6_7_8", 432, 3.75, 180.0, 0.001, false, 4, 661.5545659380552 ],
["bcu_cn_5_6_7_8", 432, 4.0, 180.0, 0.001, false, 4, 719.1009878504632 ],
["bcu_cn_5_6_7_8", 432, 4.25, 180.0, 0.001, false, 4, 762.7824124953527 ],
["bcu_cn_5_6_7_8", 432, 4.5, 180.0, 0.001, false, 4, 821.9563279576548 ],
["bcu_cn_5_6_7_8", 432, 4.75, 180.0, 0.001, false, 4, 797.4006440116817 ],
["bcu_cn_5_6_7_8", 432, 5.0, 180.0, 0.001, false, 4, 922.0050642520041 ],
["bcu_cn_5_6_7_8", 432, 5.25, 180.0, 0.001, false, 4, 943.2241415459779 ],
["bcu_cn_5_6_7_8", 432, 5.5, 180.0, 0.001, false, 4, 1009.8389394878474 ],
["bcu_cn_5_6_7_8", 432, 5.75, 180.0, 0.001, false, 4, 1057.8641569371453 ],
["bcu_cn_5_6_7_8", 432, 6.0, 180.0, 0.001, false, 4, 1085.8841883680807 ],
["bcu_cn_5_6_7_8", 432, 6.25, 180.0, 0.001, false, 4, 1171.277475455148 ],
["bcu_cn_5_6_7_8", 432, 6.5, 180.0, 0.001, false, 4, 1145.623545389832 ],
["bcu_cn_5_6_7_8", 432, 6.75, 180.0, 0.001, false, 4, 1221.6621392713391 ],
["bcu_cn_5_6_7_8", 432, 7.0, 180.0, 0.001, false, 4, 1234.8373289054925 ],
["bcu_cn_5_6_7_8", 432, 7.25, 180.0, 0.001, false, 4, 1315.5520886101506 ],
["bcu_cn_5_6_7_8", 432, 7.5, 180.0, 0.001, false, 4, 1340.8684531592442 ],
["bcu_cn_5_6_7_8", 432, 7.75, 180.0, 0.001, false, 4, 1420.602137038088 ],
["bcu_cn_5_6_7_8", 432, 8.0, 180.0, 0.001, false, 4, 1443.7781008732522 ],
["bcu_cn_5_6_7_8", 432, 8.25, 180.0, 0.001, false, 4, 1534.440041220728 ],
["bcu_cn_5_6_7_8", 432, 8.5, 180.0, 0.001, false, 4, 1553.5007257291777 ],
["bcu_cn_5_6_7_8", 432, 8.75, 180.0, 0.001, false, 4, 1589.6687659804743 ],
["bcu_cn_5_6_7_8", 432, 9.0, 180.0, 0.001, false, 4, 1647.4006506973485 ],
["bcu_cn_5_6_7_8", 432, 9.25, 180.0, 0.001, false, 4, 1671.9748725169654 ],
["bcu_cn_5_6_7_8", 432, 9.5, 180.0, 0.001, false, 4, 1830.3863595492473 ],
["bcu_cn_5_6_7_8", 432, 9.75, 180.0, 0.001, false, 4, 1867.0353455679588 ],
["bcu_cn_5_6_7_8", 432, 10.0, 180.0, 0.001, false, 4, 1870.2266470113918 ],
["pcu_cn_4_5_6", 216, 0.0, 180.0, 0.001, false, 4, 0.0003996287259513749 ],
["pcu_cn_4_5_6", 216, 0.25, 180.0, 0.001, false, 4, 0.44142359212153215 ],
["pcu_cn_4_5_6", 216, 0.5, 180.0, 0.001, false, 4, 8.537230402733845 ],
["pcu_cn_4_5_6", 216, 0.75, 180.0, 0.001, false, 4, 17.27276876274271 ],
["pcu_cn_4_5_6", 216, 1.0, 180.0, 0.001, false, 4, 28.542212916214314 ],
["pcu_cn_4_5_6", 216, 1.25, 180.0, 0.001, false, 4, 38.342177694136716 ],
["pcu_cn_4_5_6", 216, 1.5, 180.0, 0.001, false, 4, 49.37102363042225 ],
["pcu_cn_4_5_6", 216, 1.75, 180.0, 0.001, false, 4, 60.28336371847096 ],
["pcu_cn_4_5_6", 216, 2.0, 180.0, 0.001, false, 4, 72.96134711199475 ],
["pcu_cn_4_5_6", 216, 2.25, 180.0, 0.001, false, 4, 86.27120037211854 ],
["pcu_cn_4_5_6", 216, 2.5, 180.0, 0.001, false, 4, 94.48958621786909 ],
["pcu_cn_4_5_6", 216, 2.75, 180.0, 0.001, false, 4, 106.52845732353869 ],
["pcu_cn_4_5_6", 216, 3.0, 180.0, 0.001, false, 4, 110.18798749628493 ],
["pcu_cn_4_5_6", 216, 3.25, 180.0, 0.001, false, 4, 112.07906888701214 ],
["pcu_cn_4_5_6", 216, 3.5, 180.0, 0.001, false, 4, 146.13322002839774 ],
["pcu_cn_4_5_6", 216, 3.75, 180.0, 0.001, false, 4, 146.8967430026837 ],
["pcu_cn_4_5_6", 216, 4.0, 180.0, 0.001, false, 4, 162.3533940305796 ],
["pcu_cn_4_5_6", 216, 4.25, 180.0, 0.001, false, 4, 165.25299187817149 ],
["pcu_cn_4_5_6", 216, 4.5, 180.0, 0.001, false, 4, 182.62292605136244 ],
["pcu_cn_4_5_6", 216, 4.75, 180.0, 0.001, false, 4, 184.65753140017995 ],
["pcu_cn_4_5_6", 216, 5.0, 180.0, 0.001, false, 4, 203.46798767885818 ],
["pcu_cn_4_5_6", 216, 5.25, 180.0, 0.001, false, 4, 216.81574814040775 ],
["pcu_cn_4_5_6", 216, 5.5, 180.0, 0.001, false, 4, 231.840689529195 ],
["pcu_cn_4_5_6", 216, 5.75, 180.0, 0.001, false, 4, 229.68095821885038 ],
["pcu_cn_4_5_6", 216, 6.0, 180.0, 0.001, false, 4, 232.30727865270035 ],
["pcu_cn_4_5_6", 216, 6.25, 180.0, 0.001, false, 4, 260.76426344032615 ],
["pcu_cn_4_5_6", 216, 6.5, 180.0, 0.001, false, 4, 275.3875286192308 ],
["pcu_cn_4_5_6", 216, 6.75, 180.0, 0.001, false, 4, 287.36628649889985 ],
["pcu_cn_4_5_6", 216, 7.0, 180.0, 0.001, false, 4, 307.64150565102375 ],
["pcu_cn_4_5_6", 216, 7.25, 180.0, 0.001, false, 4, 297.396189427147 ],
["pcu_cn_4_5_6", 216, 7.5, 180.0, 0.001, false, 4, 313.0736017973885 ],
["pcu_cn_4_5_6", 216, 7.75, 180.0, 0.001, false, 4, 328.27636372200595 ],
["pcu_cn_4_5_6", 216, 8.0, 180.0, 0.001, false, 4, 322.67914309681083 ],
["pcu_cn_4_5_6", 216, 8.25, 180.0, 0.001, false, 4, 361.1731842018734 ],
["pcu_cn_4_5_6", 216, 8.5, 180.0, 0.001, false, 4, 384.7736947639663 ],
["pcu_cn_4_5_6", 216, 8.75, 180.0, 0.001, false, 4, 382.22152199303315 ],
["pcu_cn_4_5_6", 216, 9.0, 180.0, 0.001, false, 4, 398.0437934663099 ],
["pcu_cn_4_5_6", 216, 9.25, 180.0, 0.001, false, 4, 400.87771066549607 ],
["pcu_cn_4_5_6", 216, 9.5, 180.0, 0.001, false, 4, 405.15601561185645 ],
["pcu_cn_4_5_6", 216, 9.75, 180.0, 0.001, false, 4, 441.659544128809 ],
["pcu_cn_4_5_6", 216, 10.0, 180.0, 0.001, false, 4, 431.4749594314018 ],

The following data is for networks that were relaxed up to the 3rd neighbor 
shell where one expects the smallest dependency on system size:
["ctn", 224, 0.0, 180.0, 0.001, false, 3, 0.0006011552485005689 ],
["ctn", 224, 0.25, 180.0, 0.001, false, 3, 0.056329651723466774 ],
["ctn", 224, 0.5, 180.0, 0.001, false, 3, 0.12025892877483091 ],
["ctn", 224, 0.75, 180.0, 0.001, false, 3, 0.1817910450163424 ],
["ctn", 224, 1.0, 180.0, 0.001, false, 3, 0.2837122928706454 ],
["ctn", 224, 1.25, 180.0, 0.001, false, 3, 0.3349517870479238 ],
["ctn", 224, 1.5, 180.0, 0.001, false, 3, 0.4429745911174458 ],
["ctn", 224, 1.75, 180.0, 0.001, false, 3, 0.5746918088149792 ],
["ctn", 224, 2.0, 180.0, 0.001, false, 3, 0.7285662230851995 ],
["ctn", 224, 2.25, 180.0, 0.001, false, 3, 0.8346868045153188 ],
["ctn", 224, 2.5, 180.0, 0.001, false, 3, 1.028949289256075 ],
["ctn", 224, 2.75, 180.0, 0.001, false, 3, 1.2299930411456919 ],
["ctn", 224, 3.0, 180.0, 0.001, false, 3, 1.410180792421091 ],
["ctn", 224, 3.25, 180.0, 0.001, false, 3, 1.620035163519669 ],
["ctn", 224, 3.5, 180.0, 0.001, false, 3, 1.7127865991388942 ],
["ctn", 224, 3.75, 180.0, 0.001, false, 3, 1.940137441807448 ],
["ctn", 224, 4.0, 180.0, 0.001, false, 3, 1.7882122173164623 ],
["ctn", 224, 4.25, 180.0, 0.001, false, 3, 2.326204985835073 ],
["ctn", 224, 4.5, 180.0, 0.001, false, 3, 2.3102232009400834 ],
["ctn", 224, 4.75, 180.0, 0.001, false, 3, 2.8764787919015022 ],
["ctn", 224, 5.0, 180.0, 0.001, false, 3, 2.7276684284087827 ],
["ctn", 224, 5.25, 180.0, 0.001, false, 3, 3.3189691598860085 ],
["ctn", 224, 5.5, 180.0, 0.001, false, 3, 3.2961502441943793 ],
["ctn", 224, 5.75, 180.0, 0.001, false, 3, 2.869039818153111 ],
["ctn", 224, 6.0, 180.0, 0.001, false, 3, 3.574604515774293 ],
["ctn", 224, 6.25, 180.0, 0.001, false, 3, 3.1990619139991185 ],
["ctn", 224, 6.5, 180.0, 0.001, false, 3, 3.3628089858837367 ],
["ctn", 224, 6.75, 180.0, 0.001, false, 3, 3.5019788995461165 ],
["ctn", 224, 7.0, 180.0, 0.001, false, 3, 4.625394158810209 ],
["ctn", 224, 7.25, 180.0, 0.001, false, 3, 3.812173569800853 ],
["ctn", 224, 7.5, 180.0, 0.001, false, 3, 4.497553143539562 ],
["ctn", 224, 7.75, 180.0, 0.001, false, 3, 4.810310305223443 ],
["ctn", 224, 8.0, 180.0, 0.001, false, 3, 4.287403158822855 ],
["ctn", 224, 8.25, 180.0, 0.001, false, 3, 5.310656560887725 ],
["ctn", 224, 8.5, 180.0, 0.001, false, 3, 5.84909877022501 ],
["ctn", 224, 8.75, 180.0, 0.001, false, 3, 4.7709462382188 ],
["ctn", 224, 9.0, 180.0, 0.001, false, 3, 5.5817190920967334 ],
["ctn", 224, 9.25, 180.0, 0.001, false, 3, 5.096560158686506 ],
["ctn", 224, 9.5, 180.0, 0.001, false, 3, 6.289813018200961 ],
["ctn", 224, 9.75, 180.0, 0.001, false, 3, 6.117465096268665 ],
["ctn", 224, 10.0, 180.0, 0.001, false, 3, 6.97929458819669 ],
["dia", 216, 0.0, 180.0, 0.001, false, 3, 0.0004500125750497054 ],
["dia", 216, 0.25, 180.0, 0.001, false, 3, 0.07214908414976968 ],
["dia", 216, 0.5, 180.0, 0.001, false, 3, 0.1662209382225799 ],
["dia", 216, 0.75, 180.0, 0.001, false, 3, 0.2640566152053155 ],
["dia", 216, 1.0, 180.0, 0.001, false, 3, 0.4195846024594645 ],
["dia", 216, 1.25, 180.0, 0.001, false, 3, 0.6472458511167463 ],
["dia", 216, 1.5, 180.0, 0.001, false, 3, 0.9896861044511323 ],
["dia", 216, 1.75, 180.0, 0.001, false, 3, 1.4304818823612533 ],
["dia", 216, 2.0, 180.0, 0.001, false, 3, 1.8089279270253176 ],
["dia", 216, 2.25, 180.0, 0.001, false, 3, 2.302894514222971 ],
["dia", 216, 2.5, 180.0, 0.001, false, 3, 3.038983206794796 ],
["dia", 216, 2.75, 180.0, 0.001, false, 3, 3.458053499532158 ],
["dia", 216, 3.0, 180.0, 0.001, false, 3, 4.099641107379534 ],
["dia", 216, 3.25, 180.0, 0.001, false, 3, 4.269292847699577 ],
["dia", 216, 3.5, 180.0, 0.001, false, 3, 5.438419819295927 ],
["dia", 216, 3.75, 180.0, 0.001, false, 3, 6.29187389789982 ],
["dia", 216, 4.0, 180.0, 0.001, false, 3, 6.162463668453743 ],
["dia", 216, 4.25, 180.0, 0.001, false, 3, 6.753826620271444 ],
["dia", 216, 4.5, 180.0, 0.001, false, 3, 7.583154998342819 ],
["dia", 216, 4.75, 180.0, 0.001, false, 3, 8.831445404697877 ],
["dia", 216, 5.0, 180.0, 0.001, false, 3, 9.398839996568844 ],
["dia", 216, 5.25, 180.0, 0.001, false, 3, 9.558343496417187 ],
["dia", 216, 5.5, 180.0, 0.001, false, 3, 10.41914604475492 ],
["dia", 216, 5.75, 180.0, 0.001, false, 3, 10.954167824589433 ],
["dia", 216, 6.0, 180.0, 0.001, false, 3, 11.65907494801807 ],
["dia", 216, 6.25, 180.0, 0.001, false, 3, 12.835816893129167 ],
["dia", 216, 6.5, 180.0, 0.001, false, 3, 14.118836797776725 ],
["dia", 216, 6.75, 180.0, 0.001, false, 3, 13.869190550800251 ],
["dia", 216, 7.0, 180.0, 0.001, false, 3, 14.073217925667777 ],
["dia", 216, 7.25, 180.0, 0.001, false, 3, 15.719989771393264 ],
["dia", 216, 7.5, 180.0, 0.001, false, 3, 15.97246027605505 ],
["dia", 216, 7.75, 180.0, 0.001, false, 3, 16.21666335904204 ],
["dia", 216, 8.0, 180.0, 0.001, false, 3, 16.9320192887348 ],
["dia", 216, 8.25, 180.0, 0.001, false, 3, 18.517060363939134 ],
["dia", 216, 8.5, 180.0, 0.001, false, 3, 17.38955630855428 ],
["dia", 216, 8.75, 180.0, 0.001, false, 3, 19.21717469945688 ],
["dia", 216, 9.0, 180.0, 0.001, false, 3, 20.124035901565588 ],
["dia", 216, 9.25, 180.0, 0.001, false, 3, 20.355447771632427 ],
["dia", 216, 9.5, 180.0, 0.001, false, 3, 21.553862354763066 ],
["dia", 216, 9.75, 180.0, 0.001, false, 3, 20.774365017644016 ],
["dia", 216, 10.0, 180.0, 0.001, false, 3, 23.47501085385717 ],
["lcs", 192, 0.0, 180.0, 0.001, false, 3, 0.00025383038096432386 ],
["lcs", 192, 0.25, 180.0, 0.001, false, 3, 0.07345060880056713 ],
["lcs", 192, 0.5, 180.0, 0.001, false, 3, 0.16290517832054138 ],
["lcs", 192, 0.75, 180.0, 0.001, false, 3, 0.28595208776627684 ],
["lcs", 192, 1.0, 180.0, 0.001, false, 3, 0.4296392047793182 ],
["lcs", 192, 1.25, 180.0, 0.001, false, 3, 0.673115616417436 ],
["lcs", 192, 1.5, 180.0, 0.001, false, 3, 0.9547860631162866 ],
["lcs", 192, 1.75, 180.0, 0.001, false, 3, 1.5206760539059498 ],
["lcs", 192, 2.0, 180.0, 0.001, false, 3, 1.9809659058718259 ],
["lcs", 192, 2.25, 180.0, 0.001, false, 3, 2.390624725089428 ],
["lcs", 192, 2.5, 180.0, 0.001, false, 3, 3.217658557374763 ],
["lcs", 192, 2.75, 180.0, 0.001, false, 3, 3.938155098239413 ],
["lcs", 192, 3.0, 180.0, 0.001, false, 3, 4.3639503873466055 ],
["lcs", 192, 3.25, 180.0, 0.001, false, 3, 4.904106132971409 ],
["lcs", 192, 3.5, 180.0, 0.001, false, 3, 5.046929176438551 ],
["lcs", 192, 3.75, 180.0, 0.001, false, 3, 5.895826563234567 ],
["lcs", 192, 4.0, 180.0, 0.001, false, 3, 6.72572643849894 ],
["lcs", 192, 4.25, 180.0, 0.001, false, 3, 7.4754443607122685 ],
["lcs", 192, 4.5, 180.0, 0.001, false, 3, 7.860241087811702 ],
["lcs", 192, 4.75, 180.0, 0.001, false, 3, 8.762445487299026 ],
["lcs", 192, 5.0, 180.0, 0.001, false, 3, 9.316683191210476 ],
["lcs", 192, 5.25, 180.0, 0.001, false, 3, 10.770692261096876 ],
["lcs", 192, 5.5, 180.0, 0.001, false, 3, 10.77604450958495 ],
["lcs", 192, 5.75, 180.0, 0.001, false, 3, 11.555978745453634 ],
["lcs", 192, 6.0, 180.0, 0.001, false, 3, 12.309925601007526 ],
["lcs", 192, 6.25, 180.0, 0.001, false, 3, 12.67931135237657 ],
["lcs", 192, 6.5, 180.0, 0.001, false, 3, 13.007188085001797 ],
["lcs", 192, 6.75, 180.0, 0.001, false, 3, 14.734956020177233 ],
["lcs", 192, 7.0, 180.0, 0.001, false, 3, 14.232289528974377 ],
["lcs", 192, 7.25, 180.0, 0.001, false, 3, 15.116485537541575 ],
["lcs", 192, 7.5, 180.0, 0.001, false, 3, 15.628248771813807 ],
["lcs", 192, 7.75, 180.0, 0.001, false, 3, 15.807550824541558 ],
["lcs", 192, 8.0, 180.0, 0.001, false, 3, 16.929684984564073 ],
["lcs", 192, 8.25, 180.0, 0.001, false, 3, 17.480202143704215 ],
["lcs", 192, 8.5, 180.0, 0.001, false, 3, 18.61346472583739 ],
["lcs", 192, 8.75, 180.0, 0.001, false, 3, 16.825222390606225 ],
["lcs", 192, 9.0, 180.0, 0.001, false, 3, 20.023362205648617 ],
["lcs", 192, 9.25, 180.0, 0.001, false, 3, 19.3468261963279 ],
["lcs", 192, 9.5, 180.0, 0.001, false, 3, 20.828367488204137 ],
["lcs", 192, 9.75, 180.0, 0.001, false, 3, 22.84024934093391 ],
["lcs", 192, 10.0, 180.0, 0.001, false, 3, 21.590815245107883 ],
["srs", 216, 0.0, 180.0, 0.001, false, 3, 0.0006835069104931692 ],
["srs", 216, 0.25, 180.0, 0.001, false, 3, 0.024276394585506206 ],
["srs", 216, 0.5, 180.0, 0.001, false, 3, 0.06254822987957036 ],
["srs", 216, 0.75, 180.0, 0.001, false, 3, 0.08630480253631828 ],
["srs", 216, 1.0, 180.0, 0.001, false, 3, 0.11034305336366997 ],
["srs", 216, 1.25, 180.0, 0.001, false, 3, 0.13859634629601278 ],
["srs", 216, 1.5, 180.0, 0.001, false, 3, 0.18644143449585454 ],
["srs", 216, 1.75, 180.0, 0.001, false, 3, 0.20409058667803376 ],
["srs", 216, 2.0, 180.0, 0.001, false, 3, 0.23594284180636912 ],
["srs", 216, 2.25, 180.0, 0.001, false, 3, 0.26052636006554 ],
["srs", 216, 2.5, 180.0, 0.001, false, 3, 0.29198138575954824 ],
["srs", 216, 2.75, 180.0, 0.001, false, 3, 0.3545725783298126 ],
["srs", 216, 3.0, 180.0, 0.001, false, 3, 0.3924039630846935 ],
["srs", 216, 3.25, 180.0, 0.001, false, 3, 0.3875511019262044 ],
["srs", 216, 3.5, 180.0, 0.001, false, 3, 0.39937819576436734 ],
["srs", 216, 3.75, 180.0, 0.001, false, 3, 0.45204259561708915 ],
["srs", 216, 4.0, 180.0, 0.001, false, 3, 0.45894474002156826 ],
["srs", 216, 4.25, 180.0, 0.001, false, 3, 0.4887938513445191 ],
["srs", 216, 4.5, 180.0, 0.001, false, 3, 0.6432360246323009 ],
["srs", 216, 4.75, 180.0, 0.001, false, 3, 0.582356987307334 ],
["srs", 216, 5.0, 180.0, 0.001, false, 3, 0.674495871246659 ],
["srs", 216, 5.25, 180.0, 0.001, false, 3, 0.717319059903727 ],
["srs", 216, 5.5, 180.0, 0.001, false, 3, 0.6773835939180648 ],
["srs", 216, 5.75, 180.0, 0.001, false, 3, 0.811706479457106 ],
["srs", 216, 6.0, 180.0, 0.001, false, 3, 0.8458122675994209 ],
["srs", 216, 6.25, 180.0, 0.001, false, 3, 0.9301077800089753 ],
["srs", 216, 6.5, 180.0, 0.001, false, 3, 0.7583056090723934 ],
["srs", 216, 6.75, 180.0, 0.001, false, 3, 0.9318043813824681 ],
["srs", 216, 7.0, 180.0, 0.001, false, 3, 1.0357014007013499 ],
["srs", 216, 7.25, 180.0, 0.001, false, 3, 1.029552353302977 ],
["srs", 216, 7.5, 180.0, 0.001, false, 3, 1.0972656940827274 ],
["srs", 216, 7.75, 180.0, 0.001, false, 3, 1.0577992927829212 ],
["srs", 216, 8.0, 180.0, 0.001, false, 3, 1.0927843897579292 ],
["srs", 216, 8.25, 180.0, 0.001, false, 3, 1.0477062676492175 ],
["srs", 216, 8.5, 180.0, 0.001, false, 3, 1.0585882028816016 ],
["srs", 216, 8.75, 180.0, 0.001, false, 3, 1.1146903179376775 ],
["srs", 216, 9.0, 180.0, 0.001, false, 3, 1.0599207396413832 ],
["srs", 216, 9.25, 180.0, 0.001, false, 3, 1.1546013325899376 ],
["srs", 216, 9.5, 180.0, 0.001, false, 3, 1.4229093704322613 ],
["srs", 216, 9.75, 180.0, 0.001, false, 3, 1.2489446645843472 ],
["srs", 216, 10.0, 180.0, 0.001, false, 3, 1.1808507757468898 ],
["bcu_cn_5_6_7_8", 432, 0.0, 180.0, 0.001, false, 3, 0.0949361861248105 ],
["bcu_cn_5_6_7_8", 432, 0.25, 180.0, 0.001, false, 3, 12.070760027826928 ],
["bcu_cn_5_6_7_8", 432, 0.5, 180.0, 0.001, false, 3, 29.429401371933043 ],
["bcu_cn_5_6_7_8", 432, 0.75, 180.0, 0.001, false, 3, 47.62558728446081 ],
["bcu_cn_5_6_7_8", 432, 1.0, 180.0, 0.001, false, 3, 69.75965974214769 ],
["bcu_cn_5_6_7_8", 432, 1.25, 180.0, 0.001, false, 3, 86.0079553177656 ],
["bcu_cn_5_6_7_8", 432, 1.5, 180.0, 0.001, false, 3, 113.21471968535049 ],
["bcu_cn_5_6_7_8", 432, 1.75, 180.0, 0.001, false, 3, 126.13285786446994 ],
["bcu_cn_5_6_7_8", 432, 2.0, 180.0, 0.001, false, 3, 141.78456190840606 ],
["bcu_cn_5_6_7_8", 432, 2.25, 180.0, 0.001, false, 3, 161.99757252177258 ],
["bcu_cn_5_6_7_8", 432, 2.5, 180.0, 0.001, false, 3, 166.95523285748556 ],
["bcu_cn_5_6_7_8", 432, 2.75, 180.0, 0.001, false, 3, 200.01571653123074 ],
["bcu_cn_5_6_7_8", 432, 3.0, 180.0, 0.001, false, 3, 210.05887889246065 ],
["bcu_cn_5_6_7_8", 432, 3.25, 180.0, 0.001, false, 3, 231.55039628269998 ],
["bcu_cn_5_6_7_8", 432, 3.5, 180.0, 0.001, false, 3, 256.3293094426861 ],
["bcu_cn_5_6_7_8", 432, 3.75, 180.0, 0.001, false, 3, 280.1656544707601 ],
["bcu_cn_5_6_7_8", 432, 4.0, 180.0, 0.001, false, 3, 296.9735699352958 ],
["bcu_cn_5_6_7_8", 432, 4.25, 180.0, 0.001, false, 3, 306.08152853915453 ],
["bcu_cn_5_6_7_8", 432, 4.5, 180.0, 0.001, false, 3, 319.40179828351353 ],
["bcu_cn_5_6_7_8", 432, 4.75, 180.0, 0.001, false, 3, 362.0822283328003 ],
["bcu_cn_5_6_7_8", 432, 5.0, 180.0, 0.001, false, 3, 368.6498384969204 ],
["bcu_cn_5_6_7_8", 432, 5.25, 180.0, 0.001, false, 3, 360.78573691987424 ],
["bcu_cn_5_6_7_8", 432, 5.5, 180.0, 0.001, false, 3, 374.0689845919966 ],
["bcu_cn_5_6_7_8", 432, 5.75, 180.0, 0.001, false, 3, 406.7642285949752 ],
["bcu_cn_5_6_7_8", 432, 6.0, 180.0, 0.001, false, 3, 396.7924848325619 ],
["bcu_cn_5_6_7_8", 432, 6.25, 180.0, 0.001, false, 3, 470.3463311604016 ],
["bcu_cn_5_6_7_8", 432, 6.5, 180.0, 0.001, false, 3, 495.6451347384128 ],
["bcu_cn_5_6_7_8", 432, 6.75, 180.0, 0.001, false, 3, 476.8763888769804 ],
["bcu_cn_5_6_7_8", 432, 7.0, 180.0, 0.001, false, 3, 518.5529138207038 ],
["bcu_cn_5_6_7_8", 432, 7.25, 180.0, 0.001, false, 3, 529.5859730564122 ],
["bcu_cn_5_6_7_8", 432, 7.5, 180.0, 0.001, false, 3, 508.2641850629613 ],
["bcu_cn_5_6_7_8", 432, 7.75, 180.0, 0.001, false, 3, 564.4745848060112 ],
["bcu_cn_5_6_7_8", 432, 8.0, 180.0, 0.001, false, 3, 556.9876565056495 ],
["bcu_cn_5_6_7_8", 432, 8.25, 180.0, 0.001, false, 3, 628.732574656283 ],
["bcu_cn_5_6_7_8", 432, 8.5, 180.0, 0.001, false, 3, 637.8619069068933 ],
["bcu_cn_5_6_7_8", 432, 8.75, 180.0, 0.001, false, 3, 631.239960846561 ],
["bcu_cn_5_6_7_8", 432, 9.0, 180.0, 0.001, false, 3, 642.3361735091191 ],
["bcu_cn_5_6_7_8", 432, 9.25, 180.0, 0.001, false, 3, 649.0841335299029 ],
["bcu_cn_5_6_7_8", 432, 9.5, 180.0, 0.001, false, 3, 665.3397651732872 ],
["bcu_cn_5_6_7_8", 432, 9.75, 180.0, 0.001, false, 3, 688.9180379730835 ],
["bcu_cn_5_6_7_8", 432, 10.0, 180.0, 0.001, false, 3, 679.6906942715693 ],
["pcu_cn_4_5_6", 216, 0.0, 180.0, 0.001, false, 3, 0.0006445035631994268 ],
["pcu_cn_4_5_6", 216, 0.25, 180.0, 0.001, false, 3, 0.3610517424915666 ],
["pcu_cn_4_5_6", 216, 0.5, 180.0, 0.001, false, 3, 3.7569276899170836 ],
["pcu_cn_4_5_6", 216, 0.75, 180.0, 0.001, false, 3, 8.182869022170127 ],
["pcu_cn_4_5_6", 216, 1.0, 180.0, 0.001, false, 3, 13.242477453061841 ],
["pcu_cn_4_5_6", 216, 1.25, 180.0, 0.001, false, 3, 17.99822245163192 ],
["pcu_cn_4_5_6", 216, 1.5, 180.0, 0.001, false, 3, 23.57996536637915 ],
["pcu_cn_4_5_6", 216, 1.75, 180.0, 0.001, false, 3, 28.819484204765967 ],
["pcu_cn_4_5_6", 216, 2.0, 180.0, 0.001, false, 3, 33.95514263381716 ],
["pcu_cn_4_5_6", 216, 2.25, 180.0, 0.001, false, 3, 37.02866645142752 ],
["pcu_cn_4_5_6", 216, 2.5, 180.0, 0.001, false, 3, 42.47764111465384 ],
["pcu_cn_4_5_6", 216, 2.75, 180.0, 0.001, false, 3, 47.97229886806783 ],
["pcu_cn_4_5_6", 216, 3.0, 180.0, 0.001, false, 3, 54.46713691594566 ],
["pcu_cn_4_5_6", 216, 3.25, 180.0, 0.001, false, 3, 59.909478549440784 ],
["pcu_cn_4_5_6", 216, 3.5, 180.0, 0.001, false, 3, 63.60721395498586 ],
["pcu_cn_4_5_6", 216, 3.75, 180.0, 0.001, false, 3, 63.43781935116671 ],
["pcu_cn_4_5_6", 216, 4.0, 180.0, 0.001, false, 3, 76.50310650014625 ],
["pcu_cn_4_5_6", 216, 4.25, 180.0, 0.001, false, 3, 76.75914807008076 ],
["pcu_cn_4_5_6", 216, 4.5, 180.0, 0.001, false, 3, 88.51026320013305 ],
["pcu_cn_4_5_6", 216, 4.75, 180.0, 0.001, false, 3, 88.91120424791035 ],
["pcu_cn_4_5_6", 216, 5.0, 180.0, 0.001, false, 3, 92.41635762771006 ],
["pcu_cn_4_5_6", 216, 5.25, 180.0, 0.001, false, 3, 91.8984593926364 ],
["pcu_cn_4_5_6", 216, 5.5, 180.0, 0.001, false, 3, 109.40829864267808 ],
["pcu_cn_4_5_6", 216, 5.75, 180.0, 0.001, false, 3, 101.56069509292048 ],
["pcu_cn_4_5_6", 216, 6.0, 180.0, 0.001, false, 3, 119.48604488492415 ],
["pcu_cn_4_5_6", 216, 6.25, 180.0, 0.001, false, 3, 112.41340047264069 ],
["pcu_cn_4_5_6", 216, 6.5, 180.0, 0.001, false, 3, 129.78500161019295 ],
["pcu_cn_4_5_6", 216, 6.75, 180.0, 0.001, false, 3, 132.78856524073694 ],
["pcu_cn_4_5_6", 216, 7.0, 180.0, 0.001, false, 3, 145.757373681016 ],
["pcu_cn_4_5_6", 216, 7.25, 180.0, 0.001, false, 3, 136.2319172479435 ],
["pcu_cn_4_5_6", 216, 7.5, 180.0, 0.001, false, 3, 141.5536485665103 ],
["pcu_cn_4_5_6", 216, 7.75, 180.0, 0.001, false, 3, 126.80569444399669 ],
["pcu_cn_4_5_6", 216, 8.0, 180.0, 0.001, false, 3, 164.5864543163042 ],
["pcu_cn_4_5_6", 216, 8.25, 180.0, 0.001, false, 3, 164.02127696401936 ],
["pcu_cn_4_5_6", 216, 8.5, 180.0, 0.001, false, 3, 164.98557949380256 ],
["pcu_cn_4_5_6", 216, 8.75, 180.0, 0.001, false, 3, 176.64482384513545 ],
["pcu_cn_4_5_6", 216, 9.0, 180.0, 0.001, false, 3, 179.42189290567796 ],
["pcu_cn_4_5_6", 216, 9.25, 180.0, 0.001, false, 3, 184.70600813810333 ],
["pcu_cn_4_5_6", 216, 9.5, 180.0, 0.001, false, 3, 187.39365784129666 ],
["pcu_cn_4_5_6", 216, 9.75, 180.0, 0.001, false, 3, 190.98205679649544 ],
["pcu_cn_4_5_6", 216, 10.0, 180.0, 0.001, false, 3, 202.75410293248407 ],